1.000 0.000
0.000 -1.000

1.000 0.000
0.000 -1.000

1.000 0.000
0.000 -1.000

1.000 0.000
0.000 -1.000

1.000 0.000
0.000 -1.000

1.000 0.000
0.000 -1.000

0.000
0.125
0.000
0.125
0.000
0.125
0.000
0.125
0.000
0.125
0.000
0.125
0.000
0.125
0.000
0.125
0.000
0.125
0.000
0.125
0.000
0.125
0.000
0.125
0.000
0.125
0.000
0.125
0.000
0.125
0.000
0.125
0.000
0.125
0.000
0.125
0.000
0.125
0.000
0.125
0.000
0.125
0.000
0.125
0.000
0.125
0.000
0.125
0.000
0.125
0.000
0.125
0.000
0.125
0.000
0.125
0.000
0.125
0.000
0.125
0.000
0.125
0.000
0.125
9.000
0.125
0.000
0.125
0.000
0.125
0.000
0.125
0.000
0.125
0.000
0.125
0.000
0.125
0.000
0.125
0.000
0.125
0.000
0.125
0.000
0.125
0.000
0.125
0.000
0.125
0.000
0.125
0.000
0.125
0.000
0.125
0.000
0.125
0.000
0.125
0.000
0.125
0.000
0.125
0.000
0.125
0.000
0.125
0.000
0.125
0.000
0.125
0.000
0.125
0.000
0.125
0.000
0.125
0.000
0.125
0.000
0.125
0.000
0.125
0.000
0.125
0.000
8.125

0
2
3
4
5
6
